1.0 0 0.125 0.125 0.125 0.125 0.125 0.125 0.125 0.125
1.0 1 0.137 0.087 0.147 0.129 0.129 0.135 0.098 0.137
1.0 2 0.139 0.076 0.158 0.128 0.130 0.135 0.093 0.141
1.0 3 0.140 0.073 0.163 0.127 0.129 0.133 0.093 0.142
1.0 4 0.140 0.071 0.166 0.127 0.129 0.132 0.093 0.142
1.0 5 0.140 0.071 0.168 0.127 0.128 0.131 0.094 0.142 
1.0 6 0.140 0.070 0.169 0.127 0.128 0.130 0.094 0.142 
1.0 7 0.141 0.070 0.172 0.127 0.128 0.128 0.094 0.141 
1.0 8 0.141 0.070 0.172 0.127 0.127 0.128 0.094 0.141 
1.0 9 0.141 0.070 0.172 0.127 0.127 0.128 0.094 0.141 
0.25 10 0.152 0.015 0.230 0.119 0.135 0.139 0.038 0.172 
0.25 11 0.149 0.011 0.259 0.107 0.128 0.134 0.033 0.178 
0.25 12 0.148 0.010 0.277 0.103 0.122 0.130 0.032 0.178 
0.25 13 0.148 0.010 0.289 0.101 0.118 0.126 0.032 0.176 
0.25 14 0.148 0.010 0.299 0.101 0.115 0.123 0.032 0.173 
0.25 15 0.148 0.010 0.306 0.102 0.112 0.120 0.032 0.171 
0.25 16 0.149 0.010 0.321 0.102 0.108 0.113 0.032 0.165 
0.25 17 0.150 0.010 0.325 0.103 0.107 0.111 0.032 0.163 
0.25 18 0.150 0.010 0.328 0.103 0.106 0.110 0.031 0.162 
0.25 19 0.151 0.009 0.330 0.103 0.106 0.109 0.031 0.161 
0.25 20 0.151 0.009 0.332 0.103 0.105 0.108 0.031 0.160 
0.25 21 0.152 0.009 0.334 0.103 0.105 0.107 0.031 0.159 
0.25 23 0.153 0.009 0.338 0.103 0.104 0.105 0.031 0.156 
0.25 24 0.153 0.009 0.340 0.103 0.104 0.104 0.031 0.155 
0.25 25 0.153 0.009 0.340 0.103 0.104 0.104 0.031 0.155 
0.25 26 0.153 0.009 0.341 0.103 0.103 0.104 0.031 0.155 
0.25 27 0.153 0.009 0.341 0.103 0.103 0.104 0.031 0.155 
0.25 28 0.153 0.009 0.341 0.103 0.103 0.104 0.031 0.155 
0.25 29 0.154 0.009 0.341 0.103 0.103 0.104 0.031 0.155 
0.25 30 0.154 0.009 0.342 0.103 0.103 0.103 0.031 0.155 
0.00 31 0.140 0.000 0.438 0.037 0.045 0.106 0.000 0.233 
0.00 32 0.108 0.000 0.498 0.012 0.015 0.086 0.000 0.281 
0.00 33 0.077 0.000 0.538 0.004 0.005 0.062 0.000 0.314 
0.00 35 0.036 0.000 0.583 0.000 0.001 0.029 0.000 0.351 
0.00 36 0.024 0.000 0.595 0.000 0.000 0.020 0.000 0.360 
0.00 37 0.016 0.000 0.603 0.000 0.000 0.013 0.000 0.367 
0.00 38 0.011 0.000 0.609 0.000 0.000 0.009 0.000 0.372 
0.00 39 0.007 0.000 0.612 0.000 0.000 0.006 0.000 0.374 
0.00 40 0.005 0.000 0.615 0.000 0.000 0.004 0.000 0.376 
0.00 41 0.003 0.000 0.616 0.000 0.000 0.003 0.000 0.378 
0.00 42 0.002 0.000 0.618 0.000 0.000 0.002 0.000 0.379 
0.00 43 0.001 0.000 0.619 0.000 0.000 0.001 0.000 0.380 
0.00 44 0.001 0.000 0.619 0.000 0.000 0.001 0.000 0.380 
0.00 45 0.000 0.000 0.620 0.000 0.000 0.000 0.000 0.380 

